000000000000000000000088888888888888888888889999999999999999999999666666666666666666666655555555555555555555553333333333333333333333222222222222222222222211111111111111111111117777777777777777777777
000000000000000000000088888888888888888888889999999999999999999999666666666666666666666655555555555555555555553333333333333333333333222222222222222222222211111111111111111111117777777777777777777777
000000000000000000000088888888888888888888889999999999999999999999666666666666666666666655555555555555555555553333333333333333333333222222222222222222222211111111111111111111117777777777777777777777
000000000000000000000088888888888888888888889999999999999999999999666666666666666666666655555555555555555555553333333333333333333333222222222222222222222211111111111111111111117777777777777777777777
000000000000000000000088888888888888888888889999999999999999999999666666666666666666666655555555555555555555553333333333333333333333222222222222222222222211111111111111111111117777777777777777777777
000000000000000000000088888888888888888888889999999999999999999999666666666666666666666655555555555555555555553333333333333333333333222222222222222222222211111111111111111111117777777777777777777777
000000000000000000000088888888888888888888889999999999999999999999666666666666666666666655555555555555555555553333333333333333333333222222222222222222222211111111111111111111117777777777777777777777
000000000000000000000088888888888888888888889999999999999999999999666666666666666666666655555555555555555555553333333333333333333333222222222222222222222211111111111111111111117777777777777777777777
000000000000000000000088888888888888888888889999999999999999999999666666666666666666666655555555555555555555553333333333333333333333222222222222222222222211111111111111111111117777777777777777777777
000000000000000000000088888888888888888888889999999999999999999999666666666666666666666655555555555555555555553333333333333333333333222222222222222222222211111111111111111111117777777777777777777777
000000000000000000000088888888888888888888889999999999999999999999666666666666666666666655555555555555555555553333333333333333333333222222222222222222222211111111111111111111117777777777777777777777
000000000000000000000088888888888888888888889999999999999999999999666666666666666666666655555555555555555555553333333333333333333333222222222222222222222211111111111111111111117777777777777777777777
000000000000000000000088888888888888888888889999999999999999999999666666666666666666666655555555555555555555553333333333333333333333222222222222222222222211111111111111111111117777777777777777777777
000000000000000000000088888888888888888888889999999999999999999999666666666666666666666655555555555555555555553333333333333333333333222222222222222222222211111111111111111111117777777777777777777777
000000000000000000000088888888888888888888889999999999999999999999666666666666666666666655555555555555555555553333333333333333333333222222222222222222222211111111111111111111117777777777777777777777
000000000000000000000088888888888888888888889999999999999999999999666666666666666666666655555555555555555555553333333333333333333333222222222222222222222211111111111111111111117777777777777777777777
000000000000000000000088888888888888888888889999999999999999999999666666666666666666666655555555555555555555553333333333333333333333222222222222222222222211111111111111111111117777777777777777777777
000000000000000000000088888888888888888888889999999999999999999999666666666666666666666655555555555555555555553333333333333333333333222222222222222222222211111111111111111111117777777777777777777777
000000000000000000000088888888888888888888889999999999999999999999666666666666666666666655555555555555555555553333333333333333333333222222222222222222222211111111111111111111117777777777777777777777
000000000000000000000088888888888888888888889999999999999999999999666666666666666666666655555555555555555555553333333333333333333333222222222222222222222211111111111111111111117777777777777777777777
000000000000000000000088888888888888888888889999999999999999999999666666666666666666666655555555555555555555553333333333333333333333222222222222222222222211111111111111111111117777777777777777777777
000000000000000000000088888888888888888888889999999999999999999999666666666666666666666655555555555555555555553333333333333333333333222222222222222222222211111111111111111111117777777777777777777777
000000000000000000000088888888888888888888889999999999999999999999666666666666666666666655555555555555555555553333333333333333333333222222222222222222222211111111111111111111117777777777777777777777
000000000000000000000088888888888888888888889999999999999999999999666666666666666666666655555555555555555555553333333333333333333333222222222222222222222211111111111111111111117777777777777777777777
000000000000000000000088888888888888888888889999999999999999999999666666666666666666666655555555555555555555553333333333333333333333222222222222222222222211111111111111111111117777777777777777777777
000000000000000000000088888888888888888888889999999999999999999999666666666666666666666655555555555555555555553333333333333333333333222222222222222222222211111111111111111111117777777777777777777777
000000000000000000000088888888888888888888889999999999999999999999666666666666666666666655555555555555555555553333333333333333333333222222222222222222222211111111111111111111117777777777777777777777
000000000000000000000088888888888888888888889999999999999999999999666666666666666666666655555555555555555555553333333333333333333333222222222222222222222211111111111111111111117777777777777777777777
000000000000000000000088888888888888888888889999999999999999999999666666666666666666666655555555555555555555553333333333333333333333222222222222222222222211111111111111111111117777777777777777777777
000000000000000000000088888888888888888888889999999999999999999999666666666666666666666655555555555555555555553333333333333333333333222222222222222222222211111111111111111111117777777777777777777777
000000000000000000000088888888888888888888889999999999999999999999666666666666666666666655555555555555555555553333333333333333333333222222222222222222222211111111111111111111117777777777777777777777
000000000000000000000088888888888888888888889999999999999999999999666666666666666666666655555555555555555555553333333333333333333333222222222222222222222211111111111111111111117777777777777777777777
000000000000000000000088888888888888888888889999999999999999999999666666666666666666666655555555555555555555553333333333333333333333222222222222222222222211111111111111111111117777777777777777777777
000000000000000000000088888888888888888888889999999999999999999999666666666666666666666655555555555555555555553333333333333333333333222222222222222222222211111111111111111111117777777777777777777777
000000000000000000000088888888888888888888889999999999999999999999666666666666666666666655555555555555555555553333333333333333333333222222222222222222222211111111111111111111117777777777777777777777
000000000000000000000088888888888888888888889999999999999999999999666666666666666666666655555555555555555555553333333333333333333333222222222222222222222211111111111111111111117777777777777777777777
000000000000000000000088888888888888888888889999999999999999999999666666666666666666666655555555555555555555553333333333333333333333222222222222222222222211111111111111111111117777777777777777777777
000000000000000000000088888888888888888888889999999999999999999999666666666666666666666655555555555555555555553333333333333333333333222222222222222222222211111111111111111111117777777777777777777777
000000000000000000000088888888888888888888889999999999999999999999666666666666666666666655555555555555555555553333333333333333333333222222222222222222222211111111111111111111117777777777777777777777
000000000000000000000088888888888888888888889999999999999999999999666666666666666666666655555555555555555555553333333333333333333333222222222222222222222211111111111111111111117777777777777777777777
000000000000000000000088888888888888888888889999999999999999999999666666666666666666666655555555555555555555553333333333333333333333222222222222222222222211111111111111111111117777777777777777777777
000000000000000000000088888888888888888888889999999999999999999999666666666666666666666655555555555555555555553333333333333333333333222222222222222222222211111111111111111111117777777777777777777777
000000000000000000000088888888888888888888889999999999999999999999666666666666666666666655555555555555555555553333333333333333333333222222222222222222222211111111111111111111117777777777777777777777
000000000000000000000088888888888888888888889999999999999999999999666666666666666666666655555555555555555555553333333333333333333333222222222222222222222211111111111111111111117777777777777777777777
